"LSOAname","Employment"
"Chelmsford 004F","20% least deprived"
