"LSOAname","Employment"
"Cheshire East 039C","Other"
