"LSOAname","Employment"
"Gateshead 024A","20% most deprived"
