"LSOAname","Employment"
"Isle of Wight 004B","20% most deprived"
