"LSOAname","Employment"
"Kensington and Chelsea 018C","20% least deprived"
