"LSOAname","Employment"
"Kingston upon Hull 016B","20% most deprived"
