"LSOAname","Employment"
"Leicester 017C","20% most deprived"
