"LSOAname","Employment"
"Lewisham 008F","20% least deprived"
