"LSOAname","Employment"
"Sheffield 065E","20% most deprived"
