"LSOAname","Employment"
"South Cambridgeshire 018A","20% least deprived"
