"LSOAname","Employment"
"Sunderland 019E","Other"
