"LSOAname","Employment"
"Walsall 033B","20% most deprived"
