"LSOAname","Employment"
"Wandsworth 023D","Other"
