"LSOAname","Employment"
"West Lindsey 005D","Other"
