Country_Name,Lower_Super_Output_Area_Name,pcd_comp,Split_by
England,Sheffield 039D,S21TA,S21T
England,Sheffield 075F,S21TR,S21T
