Country_Name,Lower_Super_Output_Area_Name,pcd_comp,Split_by
England,Wychavon 001D,WR90NU,WR90
England,Wychavon 002D,WR90RW,WR90
England,Wychavon 006C,WR90EX,WR90
England,Wychavon 006C,WR90LQ,WR90
England,Wychavon 001D,WR90LX,WR90
England,Wychavon 006C,WR90HP,WR90
England,Wychavon 001D,WR90PX,WR90
England,Wychavon 001D,WR90NE,WR90
England,Wychavon 001D,WR90QF,WR90
England,Wychavon 001D,WR90NX,WR90
England,Wychavon 006C,WR90LE,WR90
England,Wychavon 001D,WR90AH,WR90
England,Wychavon 006C,WR90EH,WR90
England,Wychavon 002B,WR90YG,WR90
England,Wychavon 006C,WR90JG,WR90
England,Wychavon 002D,WR90BA,WR90
England,Wychavon 001A,WR90BL,WR90
England,Wychavon 001A,WR90BS,WR90
England,Wychavon 001D,WR90NY,WR90
England,Wychavon 002D,WR90RY,WR90
England,Wychavon 006C,WR90JY,WR90
England,Wychavon 006C,WR90AR,WR90
England,Wychavon 006C,WR90LJ,WR90
England,Wychavon 006C,WR90HU,WR90
England,Wychavon 002D,WR90RT,WR90
England,Wychavon 006C,WR90AU,WR90
England,Wychavon 001A,WR90DG,WR90
England,Wychavon 001D,WR90PJ,WR90
England,Wyre Forest 001A,WR90NR,WR90
England,Wychavon 006C,WR90EQ,WR90
England,Wychavon 001D,WR90QH,WR90
England,Wychavon 006C,WR90QA,WR90
England,Wychavon 006C,WR90HX,WR90
England,Wychavon 001D,WR90AG,WR90
England,Wychavon 006C,WR90LS,WR90
England,Wychavon 001A,WR90FA,WR90
England,Wychavon 006C,WR90AS,WR90
England,Wychavon 006C,WR90JR,WR90
England,Wychavon 001D,WR90PE,WR90
England,Wychavon 006C,WR90DS,WR90
England,Wychavon 006C,WR90DU,WR90
England,Wychavon 006C,WR90HS,WR90
England,Wychavon 006C,WR90EF,WR90
England,Wychavon 006C,WR90EL,WR90
England,Wychavon 002D,WR90RN,WR90
England,Wychavon 001D,WR90LU,WR90
England,Wychavon 001D,WR90AL,WR90
England,Wychavon 001D,WR90QG,WR90
England,Wychavon 001A,WR90BZ,WR90
England,Wychavon 001D,WR90LR,WR90
England,Wychavon 002D,WR90RB,WR90
England,Wychavon 001A,WR90BT,WR90
England,Wychavon 006C,WR90EJ,WR90
England,Wychavon 004A,WR90AA,WR90
England,Wychavon 006C,WR90EB,WR90
England,Wychavon 006C,WR90EU,WR90
England,Wychavon 001D,WR90AF,WR90
England,Wychavon 001D,WR90DB,WR90
England,Wychavon 006C,WR90HR,WR90
England,Wychavon 001D,WR90LY,WR90
England,Wychavon 006C,WR90LH,WR90
England,Wychavon 001D,WR90NA,WR90
England,Wychavon 002C,WR90DL,WR90
England,Wychavon 006C,WR90JB,WR90
England,Wychavon 006C,WR90JZ,WR90
England,Wychavon 001D,WR90LP,WR90
England,Wychavon 001D,WR90HE,WR90
England,Wychavon 001A,WR90DD,WR90
England,Wychavon 001D,WR90NL,WR90
England,Wychavon 002D,WR90AQ,WR90
England,Wychavon 006C,WR90HJ,WR90
England,Wychavon 001A,WR90NZ,WR90
England,Wychavon 006C,WR90EA,WR90
England,Wychavon 002C,WR90JA,WR90
England,Wychavon 001A,WR90BU,WR90
England,Wychavon 001D,WR90PW,WR90
England,Wychavon 006C,WR90AP,WR90
England,Wychavon 001A,WR90DF,WR90
England,Wychavon 006C,WR90JU,WR90
England,Wychavon 001A,WR90DH,WR90
England,Wychavon 006C,WR90JH,WR90
England,Wychavon 006C,WR90AY,WR90
England,Wychavon 001D,WR90AZ,WR90
England,Wychavon 002D,WR90RD,WR90
England,Wychavon 001D,WR90PT,WR90
England,Wychavon 002D,WR90RJ,WR90
England,Wychavon 002D,WR90RQ,WR90
England,Wychavon 001D,WR90PP,WR90
England,Wychavon 006C,WR90EP,WR90
England,Wychavon 001D,WR90PL,WR90
England,Wychavon 002D,WR90RE,WR90
England,Wychavon 002D,WR90BB,WR90
England,Wychavon 001D,WR90PQ,WR90
England,Wychavon 001D,WR90PY,WR90
England,Wychavon 001D,WR90PH,WR90
England,Wychavon 002B,WR90YQ,WR90
England,Wychavon 001D,WR90PS,WR90
England,Wychavon 006C,WR90AN,WR90
England,Wychavon 001D,WR90PD,WR90
England,Wychavon 002D,WR90RF,WR90
England,Wychavon 001D,WR90AD,WR90
England,Wychavon 001D,WR90NQ,WR90
England,Wyre Forest 001A,WR90NW,WR90
England,Wychavon 006C,WR90HH,WR90
England,Wychavon 006C,WR90LB,WR90
England,Wyre Forest 001A,WR90NP,WR90
England,Wychavon 006C,WR90LF,WR90
England,Wychavon 002C,WR90DN,WR90
England,Wychavon 001D,WR90ND,WR90
England,Wychavon 002B,WR90XA,WR90
England,Wychavon 002D,WR90RP,WR90
England,Wychavon 001D,WR90NF,WR90
England,Wychavon 006C,WR90JD,WR90
England,Wychavon 006C,WR90HG,WR90
England,Wychavon 001A,WR90FB,WR90
England,Wychavon 002D,WR90RH,WR90
England,Wychavon 006C,WR90ED,WR90
England,Wychavon 001D,WR90PB,WR90
England,Wychavon 001D,WR90PR,WR90
England,Wychavon 006C,WR90DW,WR90
England,Wychavon 006C,WR90EG,WR90
England,Wychavon 001A,WR90BH,WR90
England,Wychavon 002D,WR90RA,WR90
England,Wychavon 002B,WR90WR,WR90
England,Wychavon 001A,WR90BQ,WR90
England,Wychavon 006C,WR90JW,WR90
England,Wychavon 001A,WR90BW,WR90
England,Wychavon 006C,WR90DT,WR90
England,Wychavon 001D,WR90NB,WR90
England,Wychavon 001A,WR90BX,WR90
England,Wychavon 002D,WR90RG,WR90
England,Wychavon 001D,WR90QE,WR90
England,Wychavon 006C,WR90DP,WR90
England,Wychavon 002D,WR90RS,WR90
England,Wychavon 001D,WR90LZ,WR90
England,Wychavon 001A,WR90DE,WR90
England,Wychavon 006C,WR90EW,WR90
England,Wychavon 001D,WR90PU,WR90
England,Wychavon 006C,WR90DR,WR90
England,Wychavon 006C,WR90JJ,WR90
England,Wychavon 006C,WR90ER,WR90
England,Wychavon 001D,WR90AE,WR90
England,Wyre Forest 001A,WR90NG,WR90
England,Wychavon 001D,WR90AJ,WR90
England,Wychavon 006C,WR90ET,WR90
England,Wychavon 006C,WR90LL,WR90
England,Wychavon 006C,WR90JN,WR90
England,Wychavon 006C,WR90HT,WR90
England,Wychavon 001D,WR90QY,WR90
England,Wychavon 006C,WR90DQ,WR90
England,Wychavon 006C,WR90ES,WR90
England,Wychavon 006C,WR90HQ,WR90
England,Wychavon 006C,WR90PF,WR90
England,Wychavon 001A,WR90NJ,WR90
England,Wychavon 001A,WR90BE,WR90
England,Wychavon 006C,WR90AW,WR90
England,Wychavon 002C,WR90DJ,WR90
England,Wychavon 001D,WR90QD,WR90
England,Wychavon 002B,WR90YU,WR90
England,Wychavon 006C,WR90LD,WR90
England,Wychavon 001D,WR90PA,WR90
England,Wychavon 001D,WR90QZ,WR90
England,Wychavon 001D,WR90PZ,WR90
England,Wychavon 001D,WR90DA,WR90
England,Wychavon 006C,WR90HW,WR90
England,Wyre Forest 001A,WR90NN,WR90
England,Wychavon 006C,WR90JP,WR90
England,Wychavon 006C,WR90QB,WR90
England,Wychavon 006C,WR90JL,WR90
England,Wychavon 004B,WR90AB,WR90
England,Wychavon 006C,WR90EE,WR90
England,Wychavon 001A,WR90BY,WR90
England,Wychavon 001D,WR90LW,WR90
England,Wychavon 006C,WR90DY,WR90
England,Wychavon 001A,WR90BG,WR90
England,Wychavon 006C,WR90DZ,WR90
England,Wychavon 002C,WR90RZ,WR90
England,Wychavon 006C,WR90JS,WR90
England,Wychavon 006C,WR90HY,WR90
England,Wychavon 002D,WR90RR,WR90
England,Wychavon 006C,WR90HN,WR90
England,Wychavon 006C,WR90JQ,WR90
England,Wychavon 006C,WR90LA,WR90
England,Wychavon 002D,WR90RL,WR90
England,Wychavon 006C,WR90EY,WR90
England,Wychavon 002D,WR90RX,WR90
England,Wychavon 001D,WR90NH,WR90
England,Wychavon 006C,WR90HL,WR90
England,Wychavon 001A,WR90BN,WR90
England,Wychavon 001A,WR90FE,WR90
England,Wychavon 006C,WR90HZ,WR90
England,Wychavon 001D,WR90NS,WR90
England,Wychavon 001A,WR90FD,WR90
England,Wychavon 001D,WR90PG,WR90
England,Wychavon 001A,WR90BP,WR90
England,Wychavon 006C,WR90JT,WR90
England,Wychavon 006C,WR90DX,WR90
England,Wychavon 001A,WR90BJ,WR90
England,Wychavon 001D,WR90PN,WR90
England,Wychavon 006C,WR90AT,WR90
England,Wychavon 006C,WR90AX,WR90
England,Wychavon 006C,WR90EN,WR90
England,Wychavon 006C,WR90EZ,WR90
England,Wychavon 006C,WR90LG,WR90
England,Wychavon 002C,WR90BD,WR90
England,Wychavon 006C,WR90JX,WR90
